year	month	day	hour	minute	sec	lat	lon	depth	mag
2021	 1	 2	03	03	15.0	 10.189	 -61.899	 52.1	3.1
2021	 1	 3	13	42	19.6	 11.046	 -62.279	 33.7	3.1
2021	 1	 5	22	13	43.1	 11.265	 -61.889	 35.1	3.1
2021	 1	 6	02	35	44.8	 10.226	 -62.161	 17.5	4.5
2021	 1	10	16	47	58.1	 10.654	 -61.937	 74.9	3.4
2021	 1	12	07	50	41.1	 10.366	 -62.874	 30.8	3.2
2021	 1	14	14	45	12.4	 10.619	 -62.801	 14.6	4.2
2021	 1	17	21	38	37.4	 10.691	 -62.480	 26.8	3.3
2021	 1	17	21	56	49.6	 10.130	 -62.457	 24.1	3.3
2021	 1	22	23	42	42.6	 10.114	 -62.074	  5.0	3.2
2021	 1	23	00	52	55.3	 10.491	 -62.068	169.1	3.3
2021	 1	25	05	35	44.3	 10.434	 -61.770	 22.8	3.9
2021	 1	27	22	23	20.1	 10.861	 -62.192	 29.4	3.7
2021	 1	28	04	24	 5.2	 10.309	 -62.047	  2.8	3.8
2021	 1	28	18	40	36.0	 10.605	 -62.396	 26.9	3.7
2021	 1	28	23	08	25.0	 10.199	 -62.088	 23.5	3.0
2021	 1	30	05	44	56.3	 10.672	 -62.591	 29.5	3.8
2021	 2	 3	16	15	17.7	 10.367	 -61.898	  8.8	3.4
2021	 2	 9	02	15	47.5	 11.246	 -60.891	 33.7	4.2
2021	 2	12	02	11	43.1	 10.231	 -62.962	  5.0	3.4
2021	 2	12	12	27	 0.0	 10.664	 -62.528	  9.3	3.1
2021	 2	21	22	40	46.8	 10.382	 -62.617	 18.5	3.1
2021	 2	28	02	00	29.0	 10.252	 -62.134	 13.0	3.7
2021	 3	 1	04	15	32.8	 10.205	 -61.392	 82.5	3.3
2021	 3	 6	04	03	52.4	 11.092	 -62.366	 15.1	2.9
2021	 3	11	09	51	20.5	 10.556	 -62.439	 25.5	3.8
2021	 3	12	19	37	14.2	 10.156	 -62.633	 16.0	3.2
2021	 3	15	06	47	35.1	 10.987	 -60.833	 91.2	2.8
2021	 3	15	11	11	45.3	 11.028	 -61.440	 52.8	3.4
2021	 3	16	22	47	 4.7	 11.493	 -62.228	  4.7	3.3
2021	 3	17	08	18	 2.8	 10.863	 -62.304	 24.8	3.6
2021	 3	18	17	25	16.4	 10.112	 -62.011	  6.0	3.5
2021	 3	20	00	59	17.6	 10.827	 -62.285	 31.3	3.5
2021	 3	20	17	10	59.1	 10.244	 -62.465	 13.2	4.3
2021	 3	25	06	48	18.1	 10.512	 -62.772	  1.8	3.9
2021	 3	25	06	48	22.0	 10.629	 -62.836	 34.5	4.1
2021	 3	27	20	32	 1.5	 10.864	 -62.291	 32.8	3.5
2021	 3	28	03	50	38.3	 11.123	 -62.229	 18.1	4.0
2021	 3	30	06	12	 3.3	 10.828	 -63.670	 16.9	2.4
2021	 4	 3	03	09	 6.7	 10.929	 -62.306	 22.5	3.6
2021	 4	 5	01	14	37.9	 10.354	 -61.711	 10.1	3.2
2021	 4	 5	06	55	10.7	 10.868	 -62.327	 20.3	3.0
2021	 4	 9	02	13	53.1	 11.023	 -62.017	 28.9	2.8
2021	 4	14	01	57	46.2	 11.481	 -61.266	 71.1	3.3
2021	 4	14	08	39	59.0	 11.293	 -62.373	  7.5	2.8
2021	 4	17	14	12	24.8	 10.663	 -62.018	 32.6	3.7
2021	 4	20	21	28	58.7	 10.391	 -62.469	 35.2	3.2
2021	 4	21	22	43	36.3	 10.662	 -62.379	 10.0	3.4
2021	 4	22	04	40	41.3	 10.681	 -62.296	 35.2	3.2
2021	 4	22	20	31	21.2	 10.389	 -63.443	 13.2	3.1
2021	 4	28	04	16	18.8	 10.625	 -62.213	 87.1	3.4
2021	 4	28	10	54	21.4	 11.194	 -61.836	 55.9	3.2
2021	 4	29	07	56	53.1	 10.740	 -61.663	 44.3	3.3
2021	 5	 3	06	24	 5.2	 10.720	 -61.714	 26.5	3.5
2021	 5	 3	19	48	53.3	 10.682	 -62.434	 35.3	3.3
2021	 5	 8	08	40	16.0	 10.104	 -62.728	  3.5	3.1
2021	 5	 9	08	41	37.2	 10.610	 -62.443	 15.2	3.7
2021	 5	 9	13	33	43.4	 10.683	 -62.387	 16.5	3.6
2021	 5	 9	23	45	56.3	 10.769	 -62.318	 31.7	3.4
2021	 5	10	00	14	24.6	 10.100	 -62.862	  3.6	2.8
2021	 5	10	16	28	37.6	 11.153	 -61.873	 23.7	3.4
2021	 5	12	08	00	50.3	 10.872	 -62.337	 17.6	3.9
2021	 5	12	14	53	18.5	 10.729	 -62.492	 26.5	3.2
2021	 5	13	14	00	13.2	 10.908	 -62.366	 23.1	3.3
2021	 5	14	01	10	50.5	 11.241	 -61.837	 25.3	3.4
2021	 5	15	12	11	 4.0	 10.371	 -62.324	  5.0	3.5
2021	 5	16	09	50	26.5	 10.856	 -62.383	 30.0	2.9
2021	 5	18	10	37	21.8	 10.905	 -62.312	 21.8	3.4
2021	 5	20	11	11	28.2	 11.075	 -62.349	 28.5	3.2
2021	 5	21	01	11	11.1	 10.637	 -62.522	 27.9	3.8
2021	 5	21	21	37	49.8	 11.117	 -61.750	 69.4	3.5
2021	 5	22	03	50	27.5	 11.439	 -62.229	  3.2	2.8
2021	 5	24	02	31	48.1	 10.370	 -62.319	 35.2	3.3
2021	 5	24	19	35	46.5	 10.318	 -62.626	 21.3	3.0
2021	 5	27	00	25	52.4	 11.007	 -62.345	 25.7	3.5
2021	 5	27	19	26	45.3	 10.618	 -62.550	 16.2	3.1
2021	 5	27	20	08	12.1	 10.309	 -62.417	 35.2	2.8
2021	 5	28	03	58	30.0	 10.357	 -61.663	 35.1	3.3
2021	 5	28	06	54	56.3	 10.482	 -62.984	  5.0	2.2
2021	 5	28	12	26	34.1	 11.194	 -61.711	 35.2	3.3
2021	 5	29	05	33	59.4	 10.441	 -62.349	  5.0	3.0
2021	 5	29	05	40	 7.2	 10.500	 -62.375	  5.0	3.1
2021	 5	29	16	43	23.4	 10.305	 -62.790	 35.3	2.6
2021	 5	29	16	44	59.0	 10.034	 -62.644	 10.1	2.4
2021	 5	29	21	31	18.3	 11.014	 -62.276	 23.4	3.1
2021	 5	30	05	34	36.6	 10.623	 -62.515	 22.4	3.8
2021	 5	31	03	02	56.4	 10.177	 -61.687	 17.7	3.3
2021	 6	 2	09	02	59.9	 10.769	 -62.362	 24.4	3.7
2021	 6	 3	02	39	40.2	 10.363	 -61.994	 13.9	3.0
2021	 6	 3	19	37	42.4	 11.405	 -63.043	 37.4	2.3
2021	 6	 7	12	51	 8.0	 10.292	 -61.673	 29.0	3.4
2021	 6	12	06	18	32.5	 10.457	 -62.638	 34.2	4.7
2021	 6	12	17	27	52.2	 10.387	 -62.542	 13.7	2.7
2021	 6	12	17	55	38.0	 10.777	 -62.277	 76.2	3.4
2021	 6	13	18	25	16.6	 10.328	 -62.714	 31.7	3.4
2021	 6	19	18	14	11.2	 10.905	 -62.153	 29.5	3.3
2021	 6	21	00	10	47.8	 11.217	 -61.788	 43.8	3.1
2021	 6	25	16	26	 1.6	 10.670	 -62.251	 31.7	3.4
2021	 6	27	00	56	12.4	 10.495	 -62.491	 11.6	3.0
2021	 6	27	12	14	 1.2	 10.880	 -62.246	 73.6	3.0
2021	 6	28	10	39	13.0	 10.973	 -62.428	 23.8	3.1
2021	 6	30	09	15	45.4	 10.584	 -62.579	 20.8	3.0
2021	 7	 2	02	34	11.8	 11.223	 -61.424	  5.0	3.5
2021	 7	 2	19	25	33.6	 11.199	 -61.570	 13.9	3.9
2021	 7	 3	22	26	39.7	 11.288	 -62.028	112.1	3.6
2021	 7	 4	08	32	31.1	 10.176	 -62.412	 54.3	3.0
2021	 7	 4	08	44	 2.2	 10.773	 -62.354	 35.2	3.1
2021	 7	 5	07	04	27.1	 10.830	 -62.343	 35.2	2.6
2021	 7	 5	11	30	48.0	 10.675	 -62.385	 53.4	3.1
2021	 7	 5	13	50	25.2	 10.485	 -62.358	  4.0	3.1
2021	 7	 9	08	12	 5.3	 10.579	 -62.185	113.3	3.2
2021	 7	 9	16	48	 9.1	 10.469	 -61.670	 31.9	2.7
2021	 7	13	19	41	15.1	 10.524	 -62.609	 35.3	3.1
2021	 7	13	22	26	15.8	 10.506	 -62.872	 24.6	2.6
2021	 7	16	23	09	15.0	 10.739	 -62.009	 35.0	3.3
2021	 7	17	09	29	21.8	 10.663	 -62.459	 30.0	3.4
2021	 7	20	05	51	50.7	 10.530	 -63.396	 35.4	3.2
2021	 7	23	07	18	18.6	 10.928	 -62.300	 15.0	3.9
2021	 7	23	19	28	23.2	 10.997	 -62.278	 65.3	3.1
2021	 7	26	11	31	35.1	 10.180	 -62.672	 11.4	2.4
2021	 7	28	07	48	26.6	 10.860	 -62.336	 26.2	3.2
2021	 8	 7	11	53	 3.7	 10.392	 -62.265	  5.0	3.4
2021	 8	13	02	33	51.1	 10.891	 -62.254	 35.8	3.9
2021	 8	14	13	59	52.9	 11.010	 -62.505	 33.3	3.5
2021	 8	18	02	16	 7.3	 10.517	 -62.950	  1.5	2.6
2021	 8	23	16	00	17.3	 11.284	 -61.776	 41.5	4.0
2021	 8	26	22	19	 0.1	 10.480	 -62.291	  5.0	3.2
2021	 8	29	08	38	 2.8	 10.359	 -60.526	  9.9	3.7
2021	 8	30	16	16	44.7	 10.663	 -62.337	 71.7	4.9
2021	 8	31	08	26	33.2	 11.118	 -62.286	 23.3	4.2
2021	 9	 2	05	13	 3.0	 11.038	 -62.252	 22.8	2.9
2021	 9	 8	00	24	20.2	 10.501	 -61.726	 57.4	3.2
2021	 9	11	07	45	 9.0	 10.876	 -62.306	 25.2	3.9
2021	 9	15	14	24	19.7	 11.221	 -61.058	 29.4	3.3
2021	 9	16	06	17	14.9	 10.877	 -62.404	 35.6	2.6
2021	 9	16	07	54	56.4	 11.307	 -62.294	  7.1	2.3
2021	 9	18	14	09	30.1	 11.227	 -62.085	 21.0	2.4
2021	 9	20	07	44	 3.8	 10.961	 -62.162	 68.8	3.5
2021	 9	23	06	54	56.3	 10.800	 -62.444	 35.2	2.9
2021	 9	23	07	30	17.7	 10.506	 -62.875	 23.7	3.6
2021	 9	27	11	16	 0.7	 11.098	 -62.405	 28.0	2.9
2021	10	 2	23	04	56.6	 11.313	 -61.971	 29.3	3.4
2021	10	 6	09	07	50.4	 10.463	 -61.777	 28.0	3.5
2021	10	 7	21	01	11.0	 10.003	 -63.255	 35.3	4.2
2021	10	 9	00	37	35.7	 10.723	 -62.161	 29.4	3.7
2021	10	11	02	05	59.3	 10.632	 -62.578	 35.4	3.0
2021	10	11	04	02	58.4	 10.935	 -62.159	  5.2	3.2
2021	10	20	22	21	 3.6	 10.636	 -62.318	 35.3	3.3
2021	10	28	17	20	24.8	 10.799	 -62.625	 36.2	2.8
2021	10	30	14	16	39.8	 10.873	 -62.350	 24.2	3.4
2021	11	 5	13	03	 6.7	 10.300	 -63.299	 31.4	3.5
2021	11	 7	00	13	 7.5	 11.094	 -61.944	 12.9	3.3
2021	11	 7	07	26	 3.5	 11.364	 -60.743	 13.9	3.5
2021	11	 7	13	13	25.8	 10.382	 -62.682	  5.0	2.9
2021	11	 9	06	19	50.1	 10.687	 -61.971	  5.0	2.4
2021	11	10	08	11	54.8	 10.248	 -62.116	 23.9	3.4
2021	11	10	20	57	28.5	 11.063	 -61.386	 35.3	3.3
2021	11	12	06	23	36.5	 11.214	 -62.393	 26.5	3.1
2021	11	12	21	05	58.3	 10.511	 -62.479	  3.2	3.3
2021	11	14	02	28	39.3	 10.507	 -62.404	  5.0	2.6
2021	11	18	06	25	56.4	 11.392	 -60.770	 37.5	2.8
2021	11	18	11	41	59.3	 10.884	 -61.853	 35.2	3.0
2021	11	19	23	09	39.6	 10.488	 -62.654	 14.6	3.0
2021	11	20	17	47	30.4	 10.569	 -63.141	 28.8	2.7
2021	11	21	09	07	22.9	 10.840	 -62.336	 29.2	3.1
2021	11	24	21	58	24.5	 11.001	 -62.223	 27.2	3.4
2021	11	26	06	58	24.7	 10.945	 -62.337	 30.3	3.0
2021	11	26	11	14	30.6	 10.986	 -62.267	 30.1	3.5
2021	12	 2	22	45	 7.6	 10.587	 -63.727	  5.3	3.8
2021	12	 6	02	33	 0.3	 10.253	 -61.725	  5.0	3.0
2021	12	 7	00	25	13.6	 10.347	 -62.247	  7.5	3.9
2021	12	 7	00	58	33.7	 10.357	 -62.204	 11.5	3.1
2021	12	 7	07	39	 2.6	 11.241	 -62.234	 14.7	3.4
2021	12	 7	17	15	57.8	 10.348	 -62.179	  4.8	4.7
2021	12	 7	19	43	50.1	 10.366	 -62.127	 15.9	4.2
2021	12	 9	02	53	 9.6	 10.203	 -62.262	  5.0	2.9
2021	12	 9	15	45	 6.6	 10.851	 -62.366	 22.0	3.3
2021	12	10	00	48	21.6	 10.500	 -62.384	  7.3	2.9
2021	12	13	18	26	10.2	 10.402	 -62.478	 48.6	2.4
2021	12	14	01	43	49.1	 10.381	 -62.146	 53.3	2.6
2021	12	14	18	27	41.2	 10.776	 -62.425	  5.0	1.9
2021	12	20	06	02	12.1	 11.120	 -61.812	  8.0	2.6
2021	12	20	16	54	43.7	 10.461	 -62.188	 28.8	3.2
2021	12	21	01	50	49.1	 10.292	 -62.736	 10.0	3.1
2021	12	21	08	40	25.9	 10.331	 -62.407	 21.7	3.3
2021	12	21	20	05	46.6	 10.290	 -62.159	  7.9	2.4
2021	12	21	20	17	20.5	 10.265	 -62.157	 16.4	3.0
2021	12	21	21	33	16.3	 10.083	 -61.987	  5.0	2.2
2021	12	21	21	39	57.4	 10.184	 -62.196	  6.5	2.1
2021	12	22	00	13	33.5	 10.395	 -62.365	  5.0	2.7
2021	12	22	21	51	55.9	 10.529	 -62.505	 26.6	3.3
2021	12	23	06	46	58.2	 10.216	 -63.106	  5.0	3.0
2021	12	27	04	41	30.8	 10.632	 -62.245	 35.2	3.4
2021	12	28	14	05	 9.0	 10.451	 -62.681	 69.7	3.5
2021	12	29	03	07	29.3	 10.759	 -62.301	109.2	3.6
2021	12	31	03	24	 3.7	 10.635	 -62.381	 35.4	2.4
2021	12	31	16	38	28.9	 10.696	 -62.402	  8.6	2.4
2022	 1	 4	00	09	23.8	 10.342	 -62.058	 27.7	3.5
2022	 1	 4	22	09	47.7	 10.535	 -62.370	  1.6	2.1
2022	 1	 6	03	07	43.3	 11.258	 -61.400	 17.3	3.8
2022	 1	11	21	58	15.7	 10.407	 -62.151	 21.6	3.7
2022	 1	13	03	29	31.0	 10.237	 -62.116	 34.3	3.4
2022	 1	13	22	38	 4.3	 10.711	 -62.269	  2.7	2.1
2022	 1	15	06	12	19.4	 10.700	 -62.407	 23.2	3.4
2022	 1	15	19	03	 5.7	 11.169	 -62.432	 29.3	2.7
2022	 1	17	05	05	36.6	 11.077	 -62.352	 14.0	3.4
2022	 1	19	02	59	48.8	 11.011	 -62.333	 20.6	4.5
2022	 1	19	04	39	52.3	 10.610	 -63.373	 33.0	3.4
2022	 1	19	06	43	 5.4	 10.620	 -62.764	 16.5	3.6
2022	 1	19	08	08	 6.4	 10.478	 -63.433	  5.0	3.6
2022	 1	20	06	48	51.1	 10.361	 -63.064	 35.0	3.5
2022	 1	25	18	14	33.5	 10.401	 -62.528	 32.3	3.4
2022	 1	26	07	19	30.8	 10.498	 -62.634	 27.5	3.1
2022	 1	26	16	00	42.7	 10.285	 -61.579	 16.6	3.2
2022	 1	26	18	58	43.3	 10.976	 -60.979	 30.8	4.2
2022	 1	29	07	46	43.6	 10.227	 -62.119	  5.0	2.5
2022	 1	29	13	10	28.7	 10.794	 -62.429	 12.3	3.5
2022	 1	29	13	40	12.0	 10.997	 -60.903	 49.7	5.3
2022	 1	29	16	43	10.4	 11.183	 -61.201	 21.2	4.4
2022	 2	 1	23	30	 9.8	 11.059	 -62.325	 23.0	3.3
2022	 2	 2	19	47	 2.6	 10.472	 -62.586	 31.5	3.6
2022	 2	 4	03	17	12.5	 10.795	 -62.313	 29.1	3.2
2022	 2	 7	03	25	 8.8	 10.554	 -62.372	 30.9	3.0
2022	 2	 9	02	12	 9.3	 11.230	 -61.354	  3.5	3.5
2022	 2	12	04	19	18.0	 10.937	 -62.284	 13.5	3.1
2022	 2	16	03	58	 6.6	 10.905	 -61.286	 59.5	2.9
2022	 2	18	09	46	24.8	 10.423	 -61.013	 82.5	3.6
2022	 2	21	05	49	37.5	 10.805	 -62.596	 15.9	3.3
2022	 2	21	22	32	42.8	 11.300	 -62.336	 18.7	3.7
2022	 2	23	08	59	13.6	 11.044	 -62.449	 11.4	2.3
2022	 2	24	20	28	40.3	 10.818	 -61.519	176.1	3.0
2022	 2	25	03	34	52.9	 10.690	 -62.119	 20.9	2.3
2022	 2	25	22	49	53.9	 10.072	 -62.600	 36.7	3.1
2022	 3	 1	13	10	10.6	 10.918	 -61.857	 35.1	3.3
2022	 3	 2	07	23	16.0	 10.711	 -62.367	 56.9	3.2
2022	 3	 2	15	58	 0.4	 10.916	 -61.704	 73.8	2.9
2022	 3	 3	04	49	59.9	 11.273	 -62.235	114.3	3.9
2022	 3	 3	16	40	24.9	 11.103	 -61.895	 44.9	3.4
2022	 3	 5	17	21	45.1	 10.365	 -62.256	  7.9	2.4
2022	 3	 9	00	29	19.7	 10.838	 -62.136	 30.0	3.6
2022	 3	 9	14	11	45.4	 10.844	 -62.473	 28.2	3.2
2022	 3	10	05	39	56.6	 10.713	 -62.300	 32.6	2.4
2022	 3	10	06	31	41.2	 10.398	 -62.103	 13.5	2.9
2022	 3	12	12	03	20.9	 10.200	 -63.271	 12.2	2.9
2022	 3	12	23	51	20.6	 10.334	 -62.311	  9.5	3.0
2022	 3	13	06	56	13.0	 10.925	 -62.271	 23.3	2.4
2022	 3	15	06	40	29.3	 11.015	 -62.115	 64.8	3.7
2022	 3	16	04	25	35.5	 10.504	 -61.191	 39.5	3.0
2022	 3	21	17	30	56.5	 10.475	 -62.298	  5.0	2.6
2022	 3	26	03	19	25.8	 10.827	 -62.332	 29.0	3.5
2022	 3	27	13	06	28.3	 10.074	 -61.401	 18.6	2.9
2022	 4	 2	07	15	25.3	 10.150	 -61.991	 13.2	3.7
2022	 4	 6	09	22	15.3	 10.779	 -62.732	 12.2	4.0
2022	 4	 6	10	25	24.5	 10.646	 -62.706	 15.1	3.4
2022	 4	 8	06	57	12.8	 10.507	 -61.309	 26.4	3.6
2022	 4	10	00	19	50.4	 10.514	 -61.555	 36.2	3.1
2022	 4	13	10	45	36.2	 10.927	 -62.263	 26.2	3.2
2022	 4	15	11	06	42.5	 10.325	 -62.439	 25.9	3.2
2022	 4	15	23	46	17.9	 10.871	 -62.325	 25.2	3.0
2022	 4	17	10	26	39.1	 10.676	 -62.420	 31.9	2.9
2022	 4	18	14	35	43.1	 10.372	 -62.213	 19.2	3.4
2022	 4	20	07	48	53.9	 10.143	 -62.556	 22.5	3.7
2022	 4	24	03	35	28.3	 10.161	 -62.524	  4.4	3.4
2022	 4	25	07	38	50.5	 10.543	 -61.566	 35.1	3.6
2022	 4	26	14	35	11.0	 10.629	 -62.488	 28.0	4.1
2022	 4	27	21	35	19.9	 10.878	 -62.503	 34.4	4.2
2022	 4	29	08	31	24.5	 10.456	 -62.455	 20.0	2.4
2022	 4	30	20	13	13.6	 11.104	 -61.812	  5.4	2.4
2022	 5	 3	05	46	43.4	 10.893	 -61.528	 38.6	3.1
2022	 5	 5	05	53	26.4	 10.020	 -63.846	  5.0	2.0
2022	 5	 8	02	08	14.8	 10.644	 -62.213	 25.8	3.4
2022	 5	15	03	28	12.6	 10.692	 -62.492	  4.2	2.4
2022	 5	15	07	09	 3.7	 10.267	 -62.136	  5.0	2.7
2022	 5	15	16	21	 4.0	 11.337	 -62.760	 35.3	2.4
2022	 5	19	15	35	44.9	 10.944	 -62.425	  9.8	2.7
2022	 5	20	16	59	46.2	 10.764	 -61.028	 51.3	3.7
2022	 5	20	18	43	12.4	 11.000	 -62.276	 24.8	3.6
2022	 5	22	10	46	41.7	 11.071	 -62.360	 35.1	3.3
2022	 5	23	12	56	43.6	 10.253	 -62.180	  5.0	3.3
2022	 5	23	15	58	38.5	 10.185	 -62.059	  5.0	3.3
2022	 5	24	19	25	23.7	 10.208	 -63.530	 35.3	2.1
2022	 5	29	02	10	 7.5	 10.472	 -63.044	 30.3	2.7
2022	 6	 1	00	58	 5.4	 10.355	 -62.159	  2.7	3.3
2022	 6	 3	04	30	46.6	 10.882	 -62.550	 29.2	2.6
2022	 6	11	08	23	35.3	 10.693	 -61.976	 18.0	3.2
2022	 6	12	15	28	 1.6	 10.335	 -62.736	  5.0	2.2
2022	 6	14	02	21	40.1	 10.899	 -61.910	 17.9	3.3
2022	 6	15	23	49	24.2	 10.824	 -62.104	 25.3	3.2
2022	 7	 4	08	26	59.2	 10.718	 -62.226	 33.4	3.7
2022	 7	10	10	21	 3.0	 10.683	 -63.383	 35.8	2.9
2022	 7	13	16	13	47.9	 10.922	 -62.194	 32.1	3.8
2022	 7	14	19	16	57.9	 10.644	 -62.599	 18.2	4.9
2022	 7	18	03	27	21.1	 11.150	 -61.964	  5.0	2.8
2022	 7	19	22	25	 3.8	 10.632	 -61.956	 20.3	1.2
2022	 7	20	08	00	36.8	 10.310	 -62.933	 21.0	1.8
2022	 7	22	04	40	43.2	 10.281	 -62.735	  4.2	3.2
2022	 7	22	12	52	47.7	 10.663	 -61.509	 69.8	3.3
2022	 7	25	03	58	56.4	 10.167	 -61.923	 23.5	3.9
2022	 7	26	08	35	 6.6	 10.260	 -61.963	 23.7	3.4
2022	 7	26	13	02	42.3	 10.271	 -62.037	  7.0	3.4
2022	 7	27	23	11	20.7	 10.873	 -62.097	 36.1	3.1
2022	 7	28	01	17	46.7	 10.810	 -62.406	 35.6	3.0
2022	 7	28	07	04	59.4	 10.621	 -62.588	 23.9	2.4
2022	 7	30	09	00	21.6	 10.487	 -61.338	 26.3	3.5
2022	 8	 2	04	46	11.5	 10.647	 -62.384	 24.0	3.5
2022	 8	 4	21	42	59.2	 11.071	 -62.438	 28.5	3.2
2022	 8	 4	22	41	22.0	 10.901	 -62.342	 20.2	3.3
2022	 8	 6	20	47	11.4	 10.833	 -62.461	 35.2	2.4
2022	 8	 9	08	48	12.6	 10.328	 -62.087	  7.5	2.8
2022	 8	 9	16	57	59.4	 11.406	 -62.366	 36.2	3.2
2022	 8	12	10	31	41.7	 10.425	 -62.449	 15.6	3.4
2022	 8	13	00	59	50.6	 10.484	 -61.737	 47.2	3.4
2022	 8	13	03	32	 3.9	 10.407	 -61.636	 57.2	3.4
2022	 8	13	03	37	20.8	 10.928	 -62.453	 22.0	3.6
2022	 8	16	03	27	24.8	 10.590	 -62.414	 14.5	3.4
2022	 8	16	18	29	29.9	 10.430	 -62.433	  8.3	2.9
2022	 8	17	07	31	21.3	 10.464	 -62.241	 28.5	3.8
2022	 8	18	01	00	25.7	 10.945	 -61.731	  9.1	3.2
2022	 8	20	05	17	 1.5	 10.920	 -62.229	  5.0	4.1
2022	 8	20	13	47	21.3	 10.569	 -62.514	 20.5	2.2
2022	 8	24	06	56	38.2	 10.977	 -61.551	 11.8	2.3
2022	 8	28	22	35	28.5	 11.118	 -62.652	 32.9	1.7
2022	 8	28	23	57	14.7	 11.290	 -61.778	 28.3	3.2
2022	 9	 1	13	42	20.8	 10.664	 -61.715	 12.6	2.9
2022	 9	 3	12	44	53.6	 10.383	 -62.328	  2.1	2.5
2022	 9	 7	17	10	 2.6	 10.825	 -61.192	 34.4	3.4
2022	 9	14	09	01	53.2	 10.687	 -62.574	 35.3	3.6
2022	 9	15	02	44	19.5	 10.590	 -62.821	  5.9	2.4
2022	 9	17	09	23	56.9	 10.672	 -62.155	 31.2	3.0
2022	 9	20	16	17	 0.7	 10.303	 -62.089	 14.0	3.6
2022	 9	22	11	21	 0.7	 10.156	 -62.089	  5.0	2.8
2022	 9	22	22	16	 7.0	 10.639	 -63.832	 33.0	2.4
2022	 9	26	09	47	30.1	 10.817	 -61.496	  5.0	3.1
2022	 9	28	15	00	54.4	 10.854	 -62.339	 28.4	3.8
2022	 9	30	00	30	 9.9	 11.051	 -62.329	 25.2	3.3
2022	10	 4	07	26	21.4	 11.154	 -62.308	 14.0	3.6
2022	10	 5	15	46	53.6	 10.903	 -62.558	 48.8	3.0
2022	10	 6	08	50	30.7	 10.400	 -61.944	 35.1	3.4
2022	10	 9	22	18	 8.8	 10.664	 -62.395	 31.0	3.9
2022	10	10	00	09	55.9	 10.669	 -62.412	 33.6	3.2
2022	10	11	00	12	19.5	 10.269	 -62.158	  5.0	3.3
2022	10	12	01	16	11.6	 10.314	 -62.175	  3.2	3.2
2022	10	12	16	25	 0.9	 10.661	 -62.561	 18.1	3.8
2022	10	19	21	38	55.6	 10.191	 -62.162	  5.0	3.2
2022	10	21	14	40	10.2	 10.583	 -62.472	 56.6	3.4
2022	10	23	14	02	26.5	 10.451	 -61.837	  6.6	3.2
2022	10	25	17	42	45.8	 11.105	 -62.532	 15.8	3.1
2022	10	26	06	08	 3.0	 10.904	 -62.596	 10.6	3.2
2022	10	28	15	20	 0.1	 10.335	 -62.222	  6.0	3.1
2022	11	 1	20	38	57.2	 10.518	 -62.442	 35.1	3.3
2022	11	 3	14	57	34.2	 10.635	 -60.880	 50.1	3.3
2022	11	 3	15	15	35.5	 10.746	 -62.592	 29.0	3.6
2022	11	 6	18	29	35.2	 10.404	 -61.994	 28.1	3.1
2022	11	 7	01	41	17.0	 10.757	 -62.628	 25.8	2.7
2022	11	14	04	14	20.0	 10.789	 -63.265	  5.0	2.9
2022	11	16	23	14	15.5	 11.004	 -62.521	 22.9	3.2
2022	11	17	01	21	16.0	 10.984	 -62.179	 32.7	3.8
2022	11	17	07	42	11.1	 10.487	 -62.644	 18.1	3.4
2022	11	17	18	44	23.8	 10.438	 -62.471	 26.0	3.0
2022	11	18	08	36	 3.7	 10.426	 -63.981	 30.0	3.0
2022	11	18	09	09	 7.8	 10.882	 -62.379	 29.9	3.3
2022	11	19	15	40	37.3	 10.192	 -62.076	 23.1	3.9
2022	11	21	07	35	18.3	 10.852	 -61.897	 28.5	1.9
2022	11	25	08	52	56.1	 11.267	 -62.086	 33.4	3.6
2022	11	25	19	48	21.3	 10.620	 -62.549	  5.0	2.8
2022	11	26	03	38	47.8	 11.197	 -62.308	 27.3	3.5
2022	11	26	12	55	27.3	 11.182	 -61.776	 32.1	3.1
2022	11	26	13	16	 8.1	 10.699	 -62.526	 24.5	3.4
2022	11	27	11	32	33.7	 10.322	 -63.072	 25.0	2.5
2022	11	29	07	32	34.9	 10.325	 -62.448	  4.5	3.4
2022	11	29	07	42	40.0	 10.288	 -62.418	  5.0	2.7
2022	11	30	02	21	13.4	 10.562	 -62.610	 29.7	4.6
2022	12	 3	10	54	12.8	 10.144	 -61.093	 21.4	4.0
2022	12	 4	18	53	51.7	 11.439	 -60.865	 21.5	3.1
2022	12	 5	01	57	54.5	 10.658	 -62.476	 22.8	3.2
2022	12	11	17	36	58.8	 11.375	 -62.402	 11.0	3.2
2022	12	13	20	33	38.8	 10.455	 -62.393	  7.6	2.7
2022	12	13	23	14	18.8	 11.157	 -61.965	  5.0	3.0
2022	12	15	08	26	29.2	 10.751	 -62.457	 56.3	3.5
2022	12	19	08	05	34.9	 10.606	 -62.310	 26.1	3.7
2022	12	21	10	51	45.1	 10.921	 -62.462	  5.0	3.1
2022	12	22	08	00	14.9	 10.410	 -62.267	  5.0	2.4
2022	12	26	21	04	59.6	 10.660	 -62.845	 31.1	3.4
2022	12	27	06	57	 1.7	 10.807	 -62.650	 29.3	3.9
2022	12	28	03	23	47.0	 10.822	 -62.150	 29.7	3.3
2022	12	30	02	12	28.1	 10.917	 -62.306	 25.9	2.9
2022	12	31	10	24	31.7	 10.262	 -62.311	 25.3	3.4
2023	 1	 1	04	38	 0.7	 10.558	 -60.983	 27.4	3.1
2023	 1	 2	02	14	47.0	 10.655	 -62.351	 26.7	3.5
2023	 1	 6	03	47	26.3	 10.591	 -62.646	 26.1	3.5
2023	 1	 6	11	39	 1.9	 10.893	 -62.300	 32.4	3.2
2023	 1	 8	05	47	 8.9	 10.756	 -62.478	 33.7	3.1
2023	 1	 9	04	24	 1.4	 10.263	 -62.113	 13.6	3.1
2023	 1	 9	05	44	42.2	 10.511	 -62.460	 33.8	2.9
2023	 1	10	11	15	53.6	 10.127	 -62.229	  3.6	3.0
2023	 1	14	04	30	 3.2	 10.518	 -62.680	 24.0	3.4
2023	 1	14	07	38	51.0	 10.386	 -60.957	 23.7	3.4
2023	 1	18	07	20	50.5	 11.228	 -61.829	 35.1	3.0
2023	 1	22	07	51	 1.2	 10.651	 -62.609	 13.8	3.3
2023	 1	23	12	25	41.4	 11.028	 -61.307	 64.5	4.0
2023	 1	25	08	44	27.8	 11.034	 -62.242	 30.4	2.7
2023	 1	26	00	47	14.4	 10.499	 -62.689	 15.0	3.2
2023	 2	 2	03	23	 9.3	 11.246	 -61.892	 24.3	2.9
2023	 2	 3	10	32	44.5	 10.024	 -62.216	  9.0	2.8
2023	 2	 4	12	20	38.4	 10.129	 -62.060	  5.0	2.7
2023	 2	 6	21	57	 8.8	 10.500	 -62.548	  3.7	2.4
2023	 2	 7	00	49	52.9	 10.765	 -62.085	  5.0	2.8
2023	 2	 8	05	55	49.2	 10.482	 -62.879	 31.9	2.6
2023	 2	18	05	23	16.0	 10.780	 -62.493	  5.0	3.1
2023	 2	20	11	51	16.9	 10.708	 -61.669	 16.5	3.3
2023	 2	20	15	25	21.2	 10.851	 -62.398	 31.7	3.2
2023	 2	22	13	02	59.9	 10.654	 -62.460	 18.4	3.6
2023	 2	27	04	48	45.3	 10.520	 -61.735	 32.2	3.1
2023	 3	 1	20	04	33.1	 10.533	 -62.357	  7.5	2.8
2023	 3	 1	20	19	55.5	 10.910	 -62.326	  5.0	3.1
2023	 3	 3	16	20	48.4	 10.414	 -61.902	  5.0	3.1
2023	 3	 3	18	58	47.9	 10.459	 -62.400	  8.6	3.2
2023	 3	 5	02	59	 8.8	 10.305	 -63.924	  5.0	2.3
2023	 3	 7	04	48	 4.9	 10.272	 -62.078	 29.5	3.4
2023	 3	11	16	41	44.0	 11.102	 -62.357	 24.2	3.6
2023	 3	15	18	07	50.3	 10.839	 -62.153	 28.8	2.7
2023	 3	17	03	57	 9.0	 11.101	 -62.412	 23.0	2.4
2023	 3	19	17	08	44.4	 10.332	 -62.153	 25.0	3.1
2023	 3	23	12	27	40.1	 10.603	 -62.780	 15.8	3.3
2023	 3	23	23	31	20.1	 10.690	 -61.642	 30.5	3.3
2023	 3	26	07	18	55.8	 11.261	 -61.840	 26.4	3.2
2023	 3	26	09	37	35.0	 10.300	 -62.045	 18.7	3.2
2023	 3	29	17	11	 8.0	 11.264	 -62.450	 35.1	3.4
2023	 4	 5	05	37	25.0	 10.355	 -61.921	  5.0	2.6
2023	 4	 6	09	56	49.2	 10.066	 -61.717	 15.0	3.3
2023	 4	 7	18	57	21.6	 10.387	 -62.114	 27.1	3.6
2023	 4	17	22	28	48.9	 10.375	 -62.205	 18.0	2.7
2023	 4	24	13	38	41.5	 10.835	 -62.346	 24.5	4.0
2023	 5	 4	14	23	10.1	 10.106	 -62.331	  1.8	3.3
2023	 5	 4	14	24	33.9	 10.199	 -62.330	  2.8	3.4
2023	 5	 4	14	28	 4.3	 10.351	 -62.387	  8.1	3.3
2023	 5	 4	21	42	49.8	 10.623	 -61.997	 14.5	3.5
2023	 5	11	18	31	43.1	 10.334	 -63.500	 17.4	4.8
2023	 5	12	02	36	42.2	 10.398	 -63.342	 35.0	2.7
2023	 5	16	01	52	21.9	 10.497	 -62.780	  5.0	3.1
2023	 5	21	03	18	19.7	 10.886	 -62.241	 29.3	3.7
2023	 5	24	09	49	40.2	 10.818	 -62.149	 29.9	2.8
2023	 5	25	00	35	12.6	 10.888	 -62.554	 21.4	4.5
2023	 5	26	02	19	19.7	 10.241	 -62.240	  7.0	3.4
2023	 5	29	04	21	18.7	 10.241	 -62.208	 25.3	3.6
2023	 5	30	21	45	16.2	 10.475	 -62.276	 26.7	3.2
2023	 6	 9	17	23	19.6	 11.096	 -62.101	 25.9	3.8
2023	 6	10	03	07	23.6	 10.483	 -62.347	  1.6	2.8
2023	 6	11	03	59	 8.7	 11.016	 -62.525	 11.6	2.9
2023	 6	11	17	44	43.2	 11.127	 -61.581	 35.8	2.9
2023	 6	13	10	01	32.7	 10.356	 -62.177	 33.8	3.1
2023	 6	21	16	19	14.7	 10.146	 -61.626	 31.8	2.9
2023	 6	27	21	31	26.7	 10.346	 -62.176	 34.2	2.9
2023	 7	 7	15	54	 0.2	 11.231	 -61.921	 22.5	4.5
2023	 7	 8	01	15	20.4	 10.508	 -62.683	 29.8	3.3
2023	 7	21	02	57	50.3	 10.452	 -62.495	  4.7	3.0
2023	 7	22	20	50	26.1	 10.424	 -62.241	 56.1	3.1
2023	 7	25	03	33	 1.4	 10.399	 -62.183	 35.3	2.6
2023	 7	26	03	57	41.1	 10.358	 -62.426	  4.5	3.4
2023	 7	27	12	48	 0.0	 10.636	 -62.470	  5.0	2.0
2023	 8	 1	03	16	57.1	 10.569	 -62.294	 12.7	2.8
2023	 8	 2	09	56	53.0	 11.063	 -60.762	  4.4	2.5
2023	 8	 4	17	00	24.5	 10.318	 -62.156	  5.0	2.4
2023	 8	 8	20	51	 3.0	 10.296	 -62.227	  6.6	4.2
2023	 8	 8	20	51	 3.0	 10.179	 -62.216	  5.0	4.2
2023	 8	10	15	50	39.9	 10.697	 -62.419	  1.8	3.3
2023	 8	10	22	51	20.3	 10.009	 -62.993	  5.0	3.2
2023	 8	11	21	45	49.4	 10.644	 -62.235	 78.8	4.1
2023	 8	14	14	50	25.4	 10.248	 -62.172	  5.0	2.4
2023	 8	15	06	14	20.3	 10.821	 -62.269	 96.6	3.6
2023	 8	22	11	51	28.0	 10.480	 -61.774	  5.0	1.8
2023	 8	22	21	18	 0.7	 10.495	 -62.317	 20.5	2.2
2023	 8	29	12	21	53.1	 10.989	 -62.117	 33.8	2.8
2023	 9	 4	01	22	11.6	 10.901	 -62.486	  0.0	4.2
2023	 9	 4	01	22	11.1	 11.005	 -62.228	122.0	4.3
2023	 9	 4	01	22	11.0	 11.004	 -62.231	125.7	4.6
2023	 9	 4	22	47	 9.8	 10.970	 -61.978	  2.7	3.0
2023	 9	10	11	34	32.1	 10.727	 -62.201	 75.3	4.0
2023	 9	14	15	58	35.1	 10.653	 -62.362	  5.0	3.0
2023	 9	23	13	18	 5.6	 10.411	 -61.212	 28.4	4.0
2023	 9	26	11	53	40.5	 10.739	 -62.445	  5.0	3.1
2023	10	 5	17	14	34.8	 10.238	 -62.216	  5.0	3.4
2023	10	12	13	54	53.6	 11.358	 -61.330	 84.7	3.4
2023	10	12	15	59	16.8	 10.904	 -62.564	 17.0	3.6
2023	10	15	06	49	40.4	 10.869	 -62.245	 35.2	3.8
2023	10	15	11	34	19.9	 10.959	 -62.636	 35.1	3.2
2023	10	21	21	20	18.5	 10.896	 -62.386	  5.0	3.3
2023	10	24	14	02	20.6	 11.407	 -62.413	 33.3	3.5
2023	10	27	18	03	 8.2	 10.035	 -63.282	 35.1	2.6
2023	11	 6	19	00	16.2	 10.569	 -62.346	 10.0	3.9
2023	11	 9	14	03	15.0	 10.504	 -62.437	 81.5	3.6
2023	11	10	23	26	26.3	 10.760	 -62.371	 25.3	3.1
2023	11	15	17	28	11.3	 10.355	 -62.686	 34.4	3.3
2023	11	23	21	54	43.2	 10.777	 -62.358	 16.3	3.3
2023	11	26	23	19	13.9	 10.146	 -62.492	  4.5	3.0
2023	12	 4	21	35	26.2	 10.626	 -62.046	  7.9	3.4
2023	12	 5	19	20	26.7	 10.637	 -62.348	  2.4	2.8
2023	12	 6	12	26	 7.4	 10.867	 -62.398	 11.9	3.2
2023	12	14	15	37	23.1	 10.816	 -62.471	  5.0	2.8
2023	12	16	13	22	31.5	 10.412	 -62.268	  4.6	3.9
2023	12	18	23	43	20.0	 10.972	 -62.362	 28.3	3.2
2023	12	21	18	52	43.0	 10.261	 -62.146	  8.6	3.2
2023	12	24	23	02	36.6	 10.549	 -62.717	 13.4	3.7
2024	 1	 1	20	31	37.8	 10.352	 -62.292	  7.2	2.9
2024	 1	 4	13	59	48.2	 11.158	 -62.085	 35.2	3.3
2024	 1	 4	14	27	29.6	 10.609	 -62.364	  7.2	2.9
2024	 1	 5	21	29	13.7	 10.849	 -62.355	 71.1	3.6
2024	 1	 6	07	12	 6.3	 11.151	 -62.241	 26.7	3.1
2024	 1	 7	12	36	28.2	 10.423	 -61.714	  2.2	3.7
2024	 1	 7	19	35	45.6	 10.511	 -62.217	 23.4	3.2
2024	 1	19	13	33	10.4	 10.101	 -62.084	 35.3	3.7
2024	 1	20	00	56	19.2	 10.129	 -62.964	 33.5	2.4
2024	 1	20	11	17	48.1	 10.488	 -62.472	107.2	2.9
2024	 1	26	09	12	29.6	 11.180	 -62.325	 33.9	3.6
2024	 1	29	02	50	59.9	 10.925	 -62.462	 33.7	2.7
2024	 1	29	04	14	 5.2	 11.042	 -62.375	  5.0	2.4
2024	 1	29	05	02	35.4	 10.766	 -62.546	229.1	2.4
2024	 1	31	16	50	51.5	 11.212	 -62.413	 20.4	3.8
2024	 2	 2	19	29	28.9	 10.382	 -62.843	 12.9	3.2
2024	 2	 3	18	33	36.8	 10.835	 -62.269	 66.7	4.9
2024	 2	 3	19	11	41.1	 10.612	 -62.348	  9.5	2.6
2024	 2	 4	21	40	21.9	 10.843	 -61.982	113.1	3.0
2024	 2	 6	02	18	 4.4	 10.876	 -62.242	 28.3	4.8
2024	 2	 6	06	25	17.6	 10.140	 -62.187	 32.5	2.5
2024	 2	 7	20	02	28.9	 10.624	 -62.267	 35.0	3.4
2024	 2	11	01	24	44.1	 10.731	 -62.241	 76.8	3.0
2024	 2	11	13	05	47.0	 11.028	 -62.336	 24.2	3.1
2024	 2	12	06	54	40.1	 10.263	 -61.516	 15.6	3.1
2024	 2	12	13	03	24.0	 10.288	 -62.545	  1.7	3.0
2024	 2	13	19	46	56.0	 10.347	 -62.201	  6.4	3.6
2024	 2	20	18	43	47.5	 10.507	 -62.335	 65.7	3.1
2024	 2	22	02	41	45.2	 10.912	 -62.347	 28.9	2.7
2024	 2	24	01	08	23.8	 10.319	 -62.474	  2.2	3.4
2024	 2	27	07	26	18.7	 11.115	 -62.009	 35.2	3.1
2024	 2	29	02	00	34.6	 10.137	 -62.314	 25.0	3.2
2024	 3	 3	13	32	23.3	 11.345	 -61.911	  5.0	2.8
2024	 3	 3	21	00	13.9	 11.044	 -62.384	 31.8	3.4
2024	 3	 4	17	47	 1.3	 10.721	 -62.493	 30.2	3.4
2024	 3	 6	00	40	48.2	 10.622	 -62.588	 25.0	3.9
2024	 3	 6	19	56	47.7	 10.977	 -62.279	 29.3	2.7
2024	 3	 9	16	17	18.3	 10.213	 -61.985	  2.7	3.0
2024	 3	10	02	16	47.5	 10.842	 -62.356	 18.6	2.9
2024	 3	10	16	38	38.5	 10.375	 -62.045	  3.4	2.9
2024	 3	10	18	50	32.0	 11.240	 -62.444	  4.3	3.0
2024	 3	10	19	47	42.3	 10.820	 -62.430	 35.2	3.2
2024	 3	14	13	06	 6.7	 11.089	 -62.432	 34.4	3.0
2024	 3	14	17	25	18.4	 10.726	 -61.152	 34.4	3.2
2024	 3	20	21	09	 6.3	 11.085	 -62.294	 14.5	3.0
2024	 3	25	07	14	53.4	 11.232	 -62.556	 13.2	3.6
2024	 4	 6	12	51	21.2	 10.856	 -62.378	120.8	3.0
2024	 4	15	20	46	19.8	 10.661	 -62.131	 26.8	3.2
2024	 4	16	19	22	55.5	 10.900	 -62.053	 35.1	3.2
2024	 5	 1	17	33	31.0	 10.611	 -62.635	 96.9	3.9
2024	 5	 1	18	13	41.1	 11.256	 -63.581	 19.1	3.3
2024	 5	 4	00	09	19.9	 10.664	 -61.781	 35.1	4.0
2024	 5	 6	23	17	29.2	 11.449	 -63.012	  5.3	2.7
2024	 5	 7	10	21	58.0	 10.083	 -61.652	  5.0	2.8
2024	 5	15	20	48	19.8	 10.397	 -61.002	 35.4	3.5
2024	 5	16	00	06	11.3	 10.253	 -62.492	 20.7	3.2
2024	 5	28	05	20	54.3	 10.401	 -62.291	 83.3	3.7
2024	 5	30	06	57	30.9	 10.472	 -61.426	  8.7	2.7
2024	 5	30	09	08	51.0	 10.582	 -61.214	 11.1	2.6
2024	 6	10	09	38	28.9	 10.211	 -62.134	 23.8	3.0
2024	 6	10	22	28	35.6	 11.089	 -62.083	113.3	3.2
2024	 6	14	13	53	58.8	 10.466	 -62.942	 21.0	3.4
2024	 6	17	10	56	56.3	 11.145	 -61.788	  7.4	2.3
2024	 6	20	10	48	36.7	 10.880	 -63.057	 11.3	3.0
2024	 6	23	03	58	 0.4	 10.615	 -62.442	 90.7	5.5
2024	 6	23	05	14	47.7	 10.564	 -62.500	 66.3	3.3
2024	 6	23	05	41	18.0	 10.657	 -62.496	 88.6	2.7
2024	 6	23	07	47	58.0	 10.642	 -62.520	 79.6	3.9
2024	 6	23	08	52	12.0	 10.625	 -62.514	 37.1	2.5
2024	 6	23	09	51	34.7	 10.643	 -62.440	 80.1	3.5
2024	 6	23	21	24	53.9	 10.598	 -62.440	 79.3	3.5
2024	 6	24	00	01	39.7	 11.077	 -62.361	 31.6	3.5
2024	 6	24	15	22	18.5	 10.700	 -62.568	 27.6	2.9
2024	 6	25	17	03	58.2	 10.812	 -62.318	 35.2	3.2
2024	 6	26	04	52	 1.3	 11.027	 -62.179	  9.1	2.9
